two moon dataset
# of data : 2000

x position	y_position	class
2.00537049	-0.7	1
0.727381327	-0.692052023	1
0.342102916	-0.68652712	1
0.262908218	-0.680537509	1
1.030841752	-0.664389106	1
1.31098255	-0.651079853	1
2.879650515	-0.611691888	1
0.701758447	-0.644919489	1
2.226809443	-0.598672556	1
2.559284248	-0.576587808	1
0.674610557	-0.622154333	1
2.249050811	-0.559878889	1
1.23234601	-0.585514467	1
2.143015001	-0.53871343	1
2.327071918	-0.518182708	1
1.655447073	-0.536881893	1
1.922585996	-0.512536888	1
0.708914971	-0.565744135	1
1.247609781	-0.527304729	1
1.504822252	-0.502301515	1
1.979565769	-0.461971221	1
3.057849869	-0.378722907	1
2.361850456	-0.411605335	1
2.432545142	-0.393329445	1
2.180567262	-0.399000128	1
0.219934631	-0.540867908	1
1.821027851	-0.403271751	1
0.640986924	-0.492241395	1
1.664672055	-0.394135563	1
0.267433984	-0.510930978	1
0.639252484	-0.46919057	1
2.938673634	-0.23657257	1
1.551810764	-0.361558726	1
1.625454872	-0.343237209	1
0.555294535	-0.447205324	1
0.918651208	-0.399555231	1
2.980658806	-0.156454881	1
2.496066427	-0.197861851	1
1.665457941	-0.283895121	1
1.216169095	-0.32821671	1
2.630825621	-0.139690298	1
0.682612322	-0.37812066	1
0.778053436	-0.357499412	1
1.55124576	-0.244049643	1
3.041901281	-0.025724961	1
3.015934966	-0.013895618	1
2.761815646	-0.035455356	1
1.072335297	-0.272342517	1
2.642000075	-0.024352279	1
0.953492784	-0.27231804	1
1.635923327	-0.155249387	1
0.332178691	-0.355075257	1
1.324672498	-0.184429919	1
2.797259224	0.073405003	1
1.984465071	-0.051088294	1
2.323992409	0.020486932	1
2.184224102	0.008987449	1
1.845648482	-0.039427335	1
2.595376795	0.110703861	1
1.452307176	-0.08954748	1
2.809083671	0.180131074	1
1.086795324	-0.139334879	1
2.283337044	0.106387605	1
0.83529441	-0.170959586	1
0.651216657	-0.199889364	1
0.638815206	-0.194425736	1
1.736510146	0.044736906	1
2.338463182	0.185099912	1
0.665167406	-0.164658216	1
2.307086732	0.205439097	1
2.057052439	0.163044892	1
2.535666745	0.284465801	1
2.90441367	0.383762327	1
0.466069612	-0.170452535	1
2.296874937	0.270977197	1
1.931335661	0.196745268	1
1.070250916	-0.000642929	1
2.438436063	0.346856078	1
0.354322981	-0.160707666	1
1.07298625	0.028804081	1
0.213285845	-0.182536128	1
1.504042765	0.160305824	1
2.089058102	0.325701952	1
0.758520657	-0.016601889	1
2.660913417	0.506581996	1
1.176593658	0.115159139	1
2.050597303	0.367539138	1
1.95453778	0.353633291	1
0.514478398	-0.042630974	1
0.732410804	0.027881138	1
0.503660373	-0.030017706	1
2.436852814	0.546684042	1
0.325419606	-0.067330907	1
0.223197191	-0.090826548	1
2.398670659	0.57861088	1
0.130120702	-0.105586085	1
0.263833395	-0.057294276	1
2.131403402	0.537867904	1
1.421283256	0.325420207	1
2.102730037	0.555873159	1
0.408938113	0.018495569	1
2.575036013	0.738286197	1
2.421997748	0.702702383	1
1.987741503	0.571666673	1
1.840845115	0.535102382	1
2.927106114	0.920194212	1
0.16601173	-0.019242019	1
2.302917773	0.735155814	1
1.984838035	0.63726835	1
2.633799997	0.882262449	1
2.112684339	0.710182143	1
0.287562475	0.059810603	1
1.257784652	0.423844905	1
2.631507391	0.944573783	1
0.488933589	0.157643661	1
0.325515509	0.10404394	1
1.492101653	0.55719069	1
1.30172227	0.49567849	1
2.391454077	0.930915815	1
0.161476214	0.070331192	1
0.29138695	0.128951749	1
2.808795342	1.143554744	1
0.155998483	0.089559257	1
0.68395563	0.31177045	1
2.59768297	1.10741899	1
2.262676088	0.984686849	1
0.318884998	0.186466237	1
0.872572514	0.427998049	1
2.065601478	0.94587414	1
2.591134672	1.185966951	1
2.746757301	1.269764839	1
0.575153755	0.337857064	1
1.798790327	0.88603912	1
0.299951267	0.233376414	1
0.572749705	0.363576901	1
0.942660594	0.539760756	1
2.068340166	1.063271477	1
0.509322711	0.361421987	1
1.779416706	0.958842744	1
0.508016913	0.378455855	1
1.694660647	0.946342122	1
2.054836538	1.130856655	1
0.669380083	0.482364935	1
0.240834517	0.285074023	1
2.250135592	1.270655359	1
1.441885341	0.890016686	1
0.203010376	0.290223716	1
1.264886365	0.827193515	1
2.070621511	1.243899185	1
0.132466418	0.278143064	1
1.45610179	0.961001886	1
1.101104665	0.791426621	1
0.378013396	0.428366709	1
2.617748618	1.606359975	1
2.255968658	1.433744775	1
2.197835571	1.419240597	1
2.206418362	1.439956838	1
2.074400227	1.385128132	1
1.186727188	0.919532943	1
1.254564599	0.968768779	1
0.406130041	0.51427617	1
0.296061473	0.462296728	1
2.166907283	1.516047365	1
1.198564327	0.987492785	1
2.345438628	1.650111184	1
0.263194406	0.478244585	1
1.60456271	1.258494028	1
0.33115409	0.534894398	1
2.496113788	1.807456741	1
0.56715354	0.691603981	1
2.120070791	1.621152961	1
1.938869906	1.529770051	1
2.223610656	1.716768199	1
2.072775622	1.64277377	1
0.400933698	0.640891942	1
2.312652575	1.823351032	1
0.419862243	0.671641785	1
1.153879682	1.138048254	1
0.146665076	0.519818848	1
0.120968142	0.51214621	1
0.384249257	0.687901703	1
1.288225503	1.275960597	1
1.87481524	1.66760263	1
1.188754641	1.238916178	1
0.741008856	0.959823915	1
0.539485972	0.838704129	1
1.230343865	1.306768848	1
0.110328417	0.573726922	1
1.297756035	1.379555934	1
0.251942668	0.686871182	1
0.308866971	0.73502727	1
0.23515723	0.694253415	1
-0.150717638	0.437534061	1
0.212469513	0.697389144	1
2.012160141	1.964839233	1
1.138235272	1.36771928	1
1.85004245	1.885839176	1
-0.090351891	0.51927736	1
1.877865831	1.940447798	1
0.586984312	1.025087283	1
1.645204273	1.806399592	1
0.669448759	1.108436802	1
-0.165118877	0.505179608	1
2.053233022	2.159220029	1
2.131109699	2.236220996	1
1.338554078	1.659658546	1
0.751549412	1.230920218	1
1.726975804	1.986572635	1
0.284074958	0.897865762	1
1.644148022	1.957876712	1
0.063648185	0.747565979	1
0.422512279	1.037542724	1
1.131482202	1.60669975	1
0.87138298	1.41567117	1
1.936258731	2.278194169	1
1.012758662	1.556568695	1
0.465511381	1.129272685	1
1.02637949	1.596862514	1
-0.249160796	0.568410874	1
1.213044302	1.7801835	1
1.325071248	1.888927581	1
0.72353325	1.404007979	1
0.439819857	1.179432016	1
0.832694763	1.523238952	1
1.802193804	2.361412503	1
-0.045558021	0.800583222	1
0.876968977	1.604241448	1
-0.049510491	0.816369756	1
1.754385668	2.398622039	1
1.766679453	2.429134306	1
-0.005787973	0.884118555	1
0.203800154	1.080409712	1
1.352401133	2.118750303	1
0.139010793	1.044789349	1
0.981216644	1.818508447	1
-0.056535593	0.888787371	1
0.462726098	1.375043358	1
-0.012899777	0.949244711	1
0.05517726	1.022904555	1
-0.184545479	0.809763368	1
0.290139517	1.265742369	1
1.025515638	1.974146249	1
1.399217944	2.346957783	1
0.144321754	1.163481459	1
1.66765516	2.644463371	1
0.001605624	1.048570909	1
0.040240903	1.097341756	1
0.575405271	1.634671382	1
0.403599888	1.479478292	1
0.942078028	2.029173767	1
-0.236041506	0.866419549	1
0.804561431	1.925119001	1
-0.366468098	0.753963174	1
0.079515417	1.218332278	1
0.486286286	1.648230918	1
1.244556158	2.44678367	1
0.331969276	1.517466748	1
0.017088011	1.201893042	1
0.821150023	2.060811416	1
0.465499845	1.701289548	1
1.118434345	2.412913506	1
0.596685428	1.872562328	1
1.265543148	2.611320884	1
-0.391814964	0.830713296	1
1.127298073	2.502158402	1
0.212418941	1.515325496	1
0.50809628	1.856925157	1
0.964841546	2.382343665	1
1.142633657	2.601380705	1
1.351654468	2.858349492	1
-0.466223994	0.815463924	1
1.023387426	2.528405621	1
0.658802724	2.129427375	1
0.148013872	1.555935101	1
0.11820775	1.535591482	1
0.818083525	2.370755392	1
-0.216407525	1.169273553	1
0.148397678	1.614609037	1
1.356655857	3.073991387	1
0.167233412	1.667043943	1
1.138069649	2.857890091	1
0.599653733	2.224572561	1
0.671979542	2.332114275	1
0.044389548	1.576899294	1
-0.284104284	1.183452621	1
0.632573742	2.341931577	1
0.936432685	2.744056107	1
0.32448261	1.991192374	1
0.186288598	1.832469609	1
-0.189744074	1.366386082	1
-0.166620024	1.409710784	1
-0.135001213	1.464578507	1
0.791913571	2.691629302	1
0.992263659	2.977710804	1
-0.265273953	1.334652653	1
0.995273982	3.030157467	1
-0.029580098	1.678086632	1
-0.412145901	1.176502619	1
-0.125492186	1.579040366	1
-0.097446993	1.632548028	1
0.643135828	2.669368043	1
-0.450453641	1.17355068	1
-0.061268379	1.729925939	1
0.855150205	3.035412914	1
0.258520249	2.215412637	1
-0.012325203	1.848796997	1
-0.225813125	1.559495473	1
0.366468571	2.430565568	1
0.451673142	2.575653025	1
-0.621883095	1.025480783	1
-0.436060219	1.311191108	1
0.992720265	3.446000486	1
-0.474080345	1.281848289	1
0.133902182	2.210359642	1
0.269051848	2.435092209	1
-0.504710759	1.276152621	1
-0.669897225	1.036019491	1
0.832441369	3.371801605	1
0.303784105	2.576640528	1
0.327042278	2.635893112	1
0.391645015	2.761173817	1
-0.202997182	1.839715464	1
0.445993551	2.896857504	1
0.279742185	2.654045243	1
0.727660295	3.405181177	1
-0.730316788	1.049575586	1
-0.133839058	2.044531829	1
0.679413553	3.413240997	1
0.645926499	3.386699548	1
0.35540356	2.927124624	1
-0.492817761	1.515568798	1
0.686345347	3.544598504	1
0.284708801	2.884740091	1
-0.335510114	1.836570889	1
0.370695903	3.087210298	1
-0.34785195	1.852130052	1
0.348909877	3.104463779	1
0.48844732	3.381423013	1
-0.825866404	1.050237403	1
-0.664830094	1.354752854	1
-0.530315107	1.615409019	1
-0.355213689	1.954492015	1
-0.764341731	1.217138749	1
0.26317308	3.148092101	1
-0.746053814	1.280681594	1
-0.622621541	1.529526824	1
0.188746753	3.094815708	1
-0.62336481	1.562466136	1
-0.686180376	1.458235773	1
0.147960718	3.103846347	1
-0.650579318	1.562016551	1
0.367206616	3.598397891	1
-0.625697874	1.647423637	1
-0.530565649	1.857662815	1
0.38059106	3.728381884	1
-0.296307115	2.378112226	1
-0.575172746	1.827386062	1
-0.880319709	1.213032476	1
0.035572025	3.14913553	1
-0.629857051	1.773744902	1
0.202380283	3.56780931	1
-0.373462347	2.365509774	1
-0.054054258	3.082945916	1
-0.894146017	1.279049965	1
-0.958708749	1.15337673	1
-0.486186163	2.218702951	1
0.232035909	3.852463824	1
0.145101899	3.694781059	1
-0.123330736	3.120701731	1
0.124121738	3.722324422	1
-0.678103711	1.900847938	1
-0.548162247	2.227364319	1
-0.740143209	1.800144437	1
-0.123162169	3.290444602	1
-0.953040045	1.333428823	1
-0.469329251	2.523269332	1
-0.943229384	1.393991461	1
-0.34776143	2.881439372	1
-0.700074943	2.037268768	1
-0.957827522	1.415027443	1
-0.054170856	3.724902707	1
-0.920522088	1.549784244	1
0.003457015	3.956537738	1
-0.175363301	3.534313195	1
-0.356709187	3.097331366	1
-0.110430306	3.787741182	1
-0.501701868	2.78163195	1
-0.807496152	1.987371158	1
-0.48749495	2.888511692	1
-0.64783291	2.481107242	1
-0.88502588	1.851251627	1
-0.297179234	3.532199706	1
-0.858108839	1.979215762	1
-0.280679231	3.665546997	1
-1.044576102	1.492790186	1
-1.007062035	1.625404008	1
-0.469031925	3.243811322	1
-1.111164221	1.362484514	1
-1.154072389	1.254444686	1
-0.878559045	2.117801756	1
-0.555330765	3.147157581	1
-0.433816407	3.56853422	1
-1.022421731	1.756060089	1
-0.379361329	3.836763046	1
-0.752758983	2.681583236	1
-0.644006211	3.074716024	1
-0.950596664	2.105068596	1
-0.762864836	2.764272702	1
-0.431913531	3.922585849	1
-0.611423105	3.362955892	1
-1.150128793	1.54768438	1
-0.605928222	3.479099341	1
-0.550208008	3.726765223	1
-0.864199016	2.654920893	1
-0.596200531	3.66875651	1
-1.11865155	1.803422297	1
-0.96051555	2.423174982	1
-0.865660381	2.820192256	1
-0.92480474	2.639682641	1
-0.656303721	3.720911527	1
-0.887242098	2.874550866	1
-0.687066296	3.716370843	1
-0.999764122	2.518192227	1
-1.074476199	2.257416906	1
-1.047560219	2.409357598	1
-1.11160774	2.184337221	1
-1.204804142	1.829043222	1
-1.056504717	2.504336947	1
-0.763236611	3.832969259	1
-0.965143034	3.003737891	1
-0.851742312	3.569371139	1
-1.342971916	1.388702817	1
-0.824387605	3.826857377	1
-1.257873336	1.854455182	1
-1.377651258	1.321351844	1
-0.866783692	3.837581319	1
-0.942543295	3.536693684	1
-0.913347205	3.752930386	1
-0.872787786	4.034314307	1
-1.121621194	2.822472908	1
-1.383457722	1.500126139	1
-1.421078138	1.336436829	1
-1.371766118	1.642388955	1
-1.116004019	3.109049528	1
-1.423725061	1.433961222	1
-1.338894407	1.964021994	1
-1.188363377	2.901059863	1
-1.227265518	2.737466014	1
-1.160919202	3.211503239	1
-1.015339521	4.199292342	1
-1.474884123	1.371670899	1
-1.469751766	1.44846569	1
-1.070616267	4.146531424	1
-1.363455275	2.264014471	1
-1.287037321	2.860507525	1
-1.143005123	3.964118433	1
-1.18966351	3.733786682	1
-1.414180201	2.169554486	1
-1.298025216	3.124493646	1
-1.20295018	3.962447976	1
-1.223009056	3.921103904	1
-1.530028637	1.518928244	1
-1.342793289	3.159021086	1
-1.252583184	4.04818582	1
-1.33981833	3.404942676	1
-1.436067929	2.641243698	1
-1.329754896	3.747175483	1
-1.550952954	1.72827456	1
-1.518896443	2.128444118	1
-1.398556986	3.472583508	1
-1.500750954	2.516458753	1
-1.511872154	2.506202582	1
-1.390766433	4.020300032	1
-1.444811274	3.552280623	1
-1.522771329	2.74969945	1
-1.591235102	2.004247758	1
-1.569663005	2.411141912	1
-1.472200926	3.925036953	1
-1.492220643	3.845212204	1
-1.652712499	1.581525984	1
-1.636384756	1.964771107	1
-1.553785905	3.527332746	1
-1.61766518	2.609850906	1
-1.561627325	3.889846212	1
-1.688833936	1.578830398	1
-1.600775088	3.666064129	1
-1.627707362	3.355902828	1
-1.641526945	3.329371025	1
-1.692442451	2.272824575	1
-1.6920739	2.567344467	1
-1.739526354	1.323619849	1
-1.745889056	1.323850116	1
-1.710876633	3.078029942	1
-1.756495193	1.428036208	1
-1.760360798	1.591577317	1
-1.766163902	1.690861325	1
-1.756711808	3.232778413	1
-1.766289187	3.587813438	1
-1.778246088	3.911673059	1
-1.794418552	2.849704251	1
-1.807746305	4.226515135	1
-1.818630121	3.249451831	1
-1.824192072	2.377086709	1
-1.851424202	3.97194359	1
-1.858835706	3.457335519	1
-1.862587964	2.918265574	1
-1.844900555	1.496309192	1
-1.916081953	4.220831787	1
-1.853944052	1.317608044	1
-1.948766134	4.278137137	1
-1.904626827	2.467462579	1
-1.962984419	3.804789189	1
-1.973491388	3.711230499	1
-1.99485801	3.88710927	1
-2.008262917	3.864134278	1
-2.032266498	4.061308793	1
-2.036127389	3.846613409	1
-2.055862786	3.944574614	1
-1.918664137	1.337384555	1
-1.962872082	1.95266737	1
-1.9674452	1.893774578	1
-2.129273254	4.162628951	1
-2.022987605	2.446213635	1
-2.151212029	4.043790566	1
-2.127082206	3.536877609	1
-2.053082133	2.449231609	1
-2.205289528	4.152081947	1
-2.10674641	2.838163063	1
-2.016130768	1.705040112	1
-2.095595318	2.477186898	1
-2.241921439	3.893314736	1
-2.089086541	2.208768339	1
-2.218961984	3.384990138	1
-2.200990956	3.092229059	1
-2.234849553	3.292333848	1
-2.14284295	2.35825014	1
-2.191494111	2.695742935	1
-2.231841952	2.944931619	1
-2.169365501	2.335861044	1
-2.236451006	2.795523575	1
-2.41490386	4.101872741	1
-2.153387606	1.992423396	1
-2.345757247	3.359097441	1
-2.313157551	3.027830719	1
-2.297985988	2.835287269	1
-2.206651116	2.122592009	1
-2.38867065	3.296906215	1
-2.383310731	3.175921079	1
-2.237749812	2.147828858	1
-2.426316808	3.290953375	1
-2.537262431	3.903346643	1
-2.563028585	3.970127457	1
-2.571325686	3.929380481	1
-2.144533891	1.328471026	1
-2.515677336	3.434801646	1
-2.569901611	3.666329007	1
-2.270409684	1.919626186	1
-2.241579953	1.715390394	1
-2.690736059	4.087075903	1
-2.619086951	3.626318619	1
-2.300831442	1.900560587	1
-2.616424631	3.468636643	1
-2.239187257	1.50567768	1
-2.246579648	1.506550097	1
-2.425190837	2.33986786	1
-2.788528844	4.031077428	1
-2.322978151	1.764229003	1
-2.738029868	3.652473841	1
-2.394433401	2.016670513	1
-2.237728065	1.270797171	1
-2.672160303	3.169229451	1
-2.315418472	1.553528737	1
-2.679142594	3.088953554	1
-2.82141617	3.640093444	1
-2.740408473	3.240275511	1
-2.483390905	2.124022273	1
-2.782527169	3.305027069	1
-2.760779001	3.163825149	1
-2.962576886	3.913366139	1
-2.963016538	3.854616031	1
-2.543776313	2.175037139	1
-2.560244893	2.201040247	1
-2.898290362	3.437888568	1
-3.018668334	3.833871298	1
-2.857967428	3.18720228	1
-2.573715045	2.10792003	1
-2.365306108	1.326667319	1
-2.480153052	1.709103189	1
-3.147672691	4.016682998	1
-2.714940273	2.464468494	1
-3.027775273	3.496949142	1
-2.745270175	2.493944706	1
-2.991818207	3.280950049	1
-2.519194421	1.675066828	1
-2.942744009	3.03145095	1
-2.453064452	1.408771303	1
-2.85085421	2.655868488	1
-3.165535448	3.613182666	1
-2.411379182	1.210206633	1
-2.994252292	2.991323469	1
-2.481593779	1.384339897	1
-3.302995458	3.847756493	1
-3.22531501	3.567621144	1
-3.227445241	3.52968425	1
-3.185969594	3.364554091	1
-3.132961101	3.169223662	1
-3.245787551	3.454260003	1
-3.358046576	3.731874	1
-2.991027832	2.654137603	1
-2.71121844	1.840779544	1
-2.485872699	1.193678988	1
-2.878871389	2.249735388	1
-3.064552823	2.72398953	1
-2.959968713	2.410675454	1
-3.145400306	2.873577569	1
-2.610096893	1.43138358	1
-2.98494485	2.38833822	1
-3.573544943	3.879304572	1
-2.790100275	1.832766279	1
-3.262626078	3.007108519	1
-2.71582721	1.600003542	1
-2.898362115	2.033379237	1
-2.624195567	1.332590591	1
-2.839236568	1.839947634	1
-3.063384867	2.360283469	1
-3.377646139	3.087701076	1
-3.631011641	3.657338787	1
-2.658156682	1.324344867	1
-3.007929758	2.124687518	1
-2.912420169	1.878879823	1
-3.675204345	3.609894645	1
-2.754694756	1.475505918	1
-3.511290554	3.166505564	1
-3.800260861	3.781276718	1
-2.697026703	1.29278955	1
-3.400038742	2.824908368	1
-3.345032834	2.675485714	1
-2.702678228	1.255835644	1
-3.710503483	3.405511752	1
-3.587552435	3.109932105	1
-3.689083397	3.29362354	1
-3.386080916	2.625960696	1
-3.841508751	3.546554567	1
-3.399952673	2.601443588	1
-3.515599911	2.811893361	1
-3.29162624	2.329220261	1
-2.972456379	1.662271102	1
-4.033341692	3.764438036	1
-3.049464007	1.778164016	1
-3.011449567	1.684087059	1
-3.98801098	3.572600311	1
-3.169354565	1.953382959	1
-3.938986171	3.412900769	1
-3.183863263	1.940610746	1
-3.3648689	2.263292865	1
-3.447934227	2.396963617	1
-3.510932586	2.491116749	1
-3.479225391	2.408465564	1
-2.850957003	1.23091321	1
-3.627661611	2.63294048	1
-3.660058104	2.666861363	1
-3.333203752	2.054725393	1
-3.577558315	2.47025756	1
-3.393095853	2.120441906	1
-2.801416407	1.059975442	1
-3.743421718	2.690685325	1
-3.902197717	2.941113254	1
-3.99852337	3.080448791	1
-3.511293165	2.22145756	1
-3.230288912	1.724224712	1
-3.172624046	1.609859076	1
-4.188989005	3.291567323	1
-3.841947476	2.687503493	1
-2.877519115	1.074909873	1
-3.443433478	1.988002447	1
-4.233035637	3.251500967	1
-3.46283498	1.981689968	1
-4.218677309	3.173402764	1
-4.216865697	3.143544365	1
-3.541893964	2.050900688	1
-3.667122279	2.228254136	1
-4.37498497	3.310535155	1
-4.364638125	3.26692506	1
-3.57788713	2.031120373	1
-4.018605259	2.684805848	1
-3.174489152	1.382669043	1
-2.907059476	0.966031121	1
-3.893687898	2.429429271	1
-4.257490504	2.948327028	1
-4.34412104	3.051421938	1
-3.098180534	1.201327071	1
-3.714987303	2.085854587	1
-4.134042611	2.672711485	1
-3.642136846	1.944095138	1
-3.26537522	1.389274833	1
-4.131428521	2.601923397	1
-3.786589411	2.094844422	1
-4.48635181	3.054251585	1
-3.473272989	1.622974476	1
-4.031899948	2.378049232	1
-3.723611006	1.935404031	1
-4.373988775	2.80325288	1
-3.975387122	2.241317561	1
-3.027454745	0.948757855	1
-3.596185725	1.696922676	1
-4.364280541	2.699577544	1
-4.239404346	2.512957234	1
-3.840448105	1.970013252	1
-3.110524684	1.003745124	1
-4.493148645	2.778532139	1
-4.4995326	2.764217397	1
-4.402960058	2.618710708	1
-4.490640869	2.708374422	1
-3.196172262	1.05721319	1
-4.592760554	2.792344907	1
-4.077641781	2.129898084	1
-3.747646531	1.704370062	1
-4.259462315	2.316760724	1
-3.761157735	1.690156555	1
-3.227993324	1.029245356	1
-3.173915389	0.953142977	1
-4.347075081	2.34519715	1
-4.89688262	2.978957627	1
-4.89205709	2.949866133	1
-3.887890203	1.748890587	1
-4.629375032	2.597519115	1
-4.145356129	2.016084978	1
-4.993660524	2.975053076	1
-4.556840404	2.452312351	1
-4.947758784	2.87654873	1
-4.683568979	2.555669781	1
-4.26727019	2.068063969	1
-3.389272874	1.071777909	1
-4.21736421	1.977972932	1
-4.156803761	1.894433671	1
-3.54587713	1.209807263	1
-3.596308485	1.252607941	1
-4.419036831	2.129016241	1
-4.721505988	2.435895999	1
-3.399513395	1.006102061	1
-4.597511641	2.265189108	1
-3.300607963	0.880564088	1
-4.684129713	2.31873448	1
-3.708380365	1.284911345	1
-3.257349588	0.806283231	1
-4.488168224	2.061001443	1
-4.289281242	1.840691347	1
-3.229571575	0.749946403	1
-5.000151774	2.525410286	1
-4.001993033	1.505458103	1
-3.78362822	1.274293235	1
-4.918933563	2.384792313	1
-4.277767747	1.735278527	1
-4.888806237	2.316800907	1
-4.252933581	1.680725417	1
-3.342887516	0.788074951	1
-4.419946698	1.811015518	1
-3.391329249	0.815593225	1
-4.032518835	1.412917653	1
-3.635863666	1.026600048	1
-3.558415154	0.943370797	1
-4.300926313	1.622612199	1
-4.740464415	2.013639291	1
-3.796819723	1.131192696	1
-3.709056866	1.039688765	1
-4.814716976	2.029952802	1
-4.587395388	1.808195313	1
-5.028852996	2.187110484	1
-4.160137034	1.397020947	1
-3.309829399	0.633035745	1
-3.546677422	0.832402425	1
-3.517104387	0.796927456	1
-5.037757251	2.104722421	1
-5.119609725	2.15740417	1
-4.428047567	1.547782562	1
-4.109368788	1.262673545	1
-5.026986122	2.025101803	1
-3.5954808	0.806587277	1
-4.175457046	1.280548732	1
-5.270920639	2.175442337	1
-5.580577588	2.411977526	1
-4.309383269	1.352391388	1
-4.593000173	1.56973675	1
-3.43039962	0.616455753	1
-3.372630429	0.561661244	1
-5.025456197	1.871030416	1
-3.779483884	0.867703701	1
-4.927953988	1.761297796	1
-5.119396758	1.895078433	1
-3.917114694	0.944442996	1
-4.13721314	1.103646166	1
-4.073939854	1.043435678	1
-4.365459245	1.25416498	1
-3.608156644	0.668347485	1
-4.262569815	1.15143342	1
-5.379448404	1.973558451	1
-3.75054914	0.747368777	1
-3.75593504	0.741849803	1
-5.331990959	1.886562045	1
-5.401980939	1.92045523	1
-5.509869823	1.981144245	1
-5.050184705	1.633402969	1
-5.43268498	1.890738134	1
-5.330202915	1.800939953	1
-4.041330724	0.877287835	1
-4.62027616	1.271476087	1
-4.775320601	1.365959598	1
-4.258771039	0.995850189	1
-4.310730911	1.020061278	1
-4.960802994	1.450841449	1
-5.72588294	1.953433743	1
-3.823525414	0.658413715	1
-5.049254418	1.466466661	1
-5.659089048	1.855584457	1
-4.822572925	1.287977486	1
-5.374514509	1.634924828	1
-4.686733674	1.172731386	1
-4.869385371	1.277537482	1
-4.307209863	0.904205358	1
-3.612215472	0.451506373	1
-5.458730287	1.608687975	1
-5.315687543	1.502999367	1
-5.509552255	1.608264648	1
-5.661735765	1.686147228	1
-5.98908083	1.870244202	1
-4.183131159	0.751893517	1
-3.557182157	0.362979286	1
-3.764183792	0.479780384	1
-4.505647426	0.913581577	1
-3.569748705	0.347903894	1
-5.463170686	1.453507502	1
-4.526249317	0.891194406	1
-4.829671694	1.055539226	1
-5.884667578	1.649728214	1
-4.704331772	0.958599487	1
-4.376314594	0.760551291	1
-3.728545063	0.385321348	1
-5.961507102	1.624757345	1
-5.606851467	1.410954789	1
-4.109071381	0.57093612	1
-5.408949873	1.271640369	1
-4.121916766	0.559043916	1
-5.398682433	1.236742086	1
-3.601534058	0.262257253	1
-5.771437314	1.405246961	1
-5.739740001	1.372599754	1
-5.793492541	1.384869954	1
-5.584950635	1.260875127	1
-5.710350926	1.310269239	1
-4.627944249	0.742590261	1
-5.951293172	1.401231144	1
-5.875804386	1.346945898	1
-5.15695562	0.972727874	1
-4.416955399	0.593738331	1
-5.114981742	0.925867582	1
-5.517037165	1.10858123	1
-4.684696438	0.692390955	1
-4.110927707	0.406496285	1
-5.084929406	0.860178961	1
-6.11823377	1.334329186	1
-5.141874573	0.861541503	1
-6.243227129	1.359166532	1
-4.251407018	0.426727458	1
-4.495106751	0.528486808	1
-3.730079155	0.172450786	1
-3.826815179	0.208512939	1
-4.047594398	0.299000134	1
-5.415526768	0.893415113	1
-4.540116507	0.497332706	1
-3.82712764	0.178200547	1
-6.224994259	1.200509448	1
-4.497881602	0.448688913	1
-6.073054637	1.103504776	1
-4.523434322	0.439388205	1
-5.826574404	0.969716413	1
-3.834711006	0.13625294	1
-4.748866743	0.5011391	1
-5.767599863	0.901563205	1
-4.698361999	0.459367821	1
-4.867128949	0.515701334	1
-4.112653463	0.208249147	1
-6.383922678	1.083627317	1
-4.788485616	0.452027053	1
-4.383724559	0.286675019	1
-6.031160506	0.900571226	1
-6.463740523	1.047463323	1
-4.851857368	0.432572773	1
-5.004780227	0.47787102	1
-6.190026174	0.897838855	1
-6.021083484	0.821333192	1
-5.248855897	0.530771614	1
-5.763903958	0.700536366	1
-5.957681896	0.754311706	1
-4.61105691	0.273366231	1
-6.219480045	0.81475677	1
-6.203528543	0.793831356	1
-5.136495065	0.420168727	1
-4.263905644	0.118599754	1
-5.434504317	0.494837568	1
-4.82079698	0.282566796	1
-5.956784258	0.637626156	1
-5.059820056	0.337687496	1
-5.011031697	0.311046863	1
-3.896648966	-0.047075061	1
-4.606508517	0.164312638	1
-3.767059244	-0.100976272	1
-4.917231089	0.238580991	1
-5.59863615	0.43073187	1
-4.310662639	0.038756616	1
-4.189115843	-0.005164367	1
-5.727194476	0.428778467	1
-6.557233763	0.651171879	1
-5.597181226	0.365600292	1
-5.576339416	0.34695189	1
-6.158545818	0.493615544	1
-5.919634919	0.414273437	1
-4.703942925	0.075662727	1
-6.027771413	0.415034354	1
-4.873718597	0.100334075	1
-6.421597336	0.487863937	1
-6.2116163	0.419115681	1
-4.909925032	0.078508489	1
-4.925226762	0.071903264	1
-4.167830301	-0.123061289	1
-3.900275786	-0.195244453	1
-5.280548922	0.124905248	1
-4.004016952	-0.184953338	1
-6.192607496	0.311931105	1
-4.19535924	-0.156104588	1
-4.811233075	-0.02621364	1
-4.545430635	-0.094748542	1
-4.707381399	-0.068625943	1
-5.49291196	0.089809141	1
-4.75141305	-0.078475917	1
-4.34648326	-0.172105801	1
-5.224832152	-0.001247002	1
-4.74435635	-0.108914808	1
-6.292760141	0.187241501	1
-5.58464707	0.035043316	1
-6.631918529	0.222682673	1
-4.871293411	-0.123523455	1
-6.172388611	0.106463813	1
-4.15653049	-0.273008853	1
-4.226376831	-0.268229428	1
-6.009239967	0.035380207	1
-5.58696318	-0.050659951	1
-6.103103924	0.023918739	1
-6.164822245	0.02019444	1
-4.316050392	-0.292975936	1
-4.278966638	-0.306970684	1
-4.495444821	-0.281334249	1
-5.064550806	-0.203447484	1
-6.384505654	-0.017420166	1
-6.024035388	-0.084661655	1
-4.925105405	-0.254780427	1
-5.923956168	-0.125704791	1
-4.795634112	-0.292432026	1
-4.136808355	-0.3895494	1
-4.645740421	-0.331039836	1
-4.681687248	-0.335589964	1
-6.242583466	-0.152392009	1
-5.271676287	-0.283148471	1
-5.389224478	-0.280479826	1
-5.324706313	-0.299252532	1
-4.324072243	-0.421058627	1
-5.798568153	-0.270832129	1
-5.419904979	-0.322985135	1
-4.283973274	-0.449186593	1
-3.971550996	-0.487629118	1
-4.211113212	-0.471853193	1
-6.682348739	-0.253504049	1
-5.444028992	-0.378301767	1
-5.584057638	-0.37792923	1
-5.288868563	-0.414101657	1
-4.785584922	-0.464793193	1
-6.703520911	-0.329208836	1
-5.810190569	-0.409440224	1
-4.125906411	-0.538826741	1
-5.937684135	-0.426351541	1
-6.478510348	-0.405357659	1
-6.748373317	-0.403982291	1
-6.291543463	-0.44548306	1
-6.092421899	-0.47030596	1
-4.248118471	-0.57671691	1
-3.958302872	-0.598114984	1
-5.406128529	-0.541132761	1
-6.068075909	-0.525417016	1
-4.148930496	-0.611316664	1
-4.844720318	-0.594634665	1
-6.021354042	-0.567205723	1
-5.498067173	-0.595306993	1
-4.452541645	-0.633253543	1
-5.527094704	-0.617941606	1
-4.894888336	-0.641597403	1
-6.432123727	-0.627159934	1
-4.173002645	-0.670148545	1
-4.038529445	-0.678880612	1
-6.649706989	-0.669497488	1
-5.588094921	-0.688087397	1
-5.034046451	-0.7	1
6.30537049	0.5	0
5.027381327	0.492052023	0
4.642102916	0.48652712	0
4.562908218	0.480537509	0
5.330841752	0.464389106	0
5.61098255	0.451079853	0
7.179650515	0.411691888	0
5.001758447	0.444919489	0
6.526809443	0.398672556	0
6.859284248	0.376587808	0
4.974610557	0.422154333	0
6.549050811	0.359878889	0
5.53234601	0.385514467	0
6.443015001	0.33871343	0
6.627071918	0.318182708	0
5.955447073	0.336881893	0
6.222585996	0.312536888	0
5.008914971	0.365744135	0
5.547609781	0.327304729	0
5.804822252	0.302301515	0
6.279565769	0.261971221	0
7.357849869	0.178722907	0
6.661850456	0.211605335	0
6.732545142	0.193329445	0
6.480567262	0.199000128	0
4.519934631	0.340867908	0
6.121027851	0.203271751	0
4.940986924	0.292241395	0
5.964672055	0.194135563	0
4.567433984	0.310930978	0
4.939252484	0.26919057	0
7.238673634	0.03657257	0
5.851810764	0.161558726	0
5.925454872	0.143237209	0
4.855294535	0.247205324	0
5.218651208	0.199555231	0
7.280658806	-0.043545119	0
6.796066427	-0.002138149	0
5.965457941	0.083895121	0
5.516169095	0.12821671	0
6.930825621	-0.060309702	0
4.982612322	0.17812066	0
5.078053436	0.157499412	0
5.85124576	0.044049643	0
7.341901281	-0.174275039	0
7.315934966	-0.186104382	0
7.061815646	-0.164544644	0
5.372335297	0.072342517	0
6.942000075	-0.175647721	0
5.253492784	0.07231804	0
5.935923327	-0.044750613	0
4.632178691	0.155075257	0
5.624672498	-0.015570081	0
7.097259224	-0.273405003	0
6.284465071	-0.148911706	0
6.623992409	-0.220486932	0
6.484224102	-0.208987449	0
6.145648482	-0.160572665	0
6.895376795	-0.310703861	0
5.752307176	-0.11045252	0
7.109083671	-0.380131074	0
5.386795324	-0.060665121	0
6.583337044	-0.306387605	0
5.13529441	-0.029040414	0
4.951216657	-0.000110636	0
4.938815206	-0.005574264	0
6.036510146	-0.244736906	0
6.638463182	-0.385099912	0
4.965167406	-0.035341784	0
6.607086732	-0.405439097	0
6.357052439	-0.363044892	0
6.835666745	-0.484465801	0
7.20441367	-0.583762327	0
4.766069612	-0.029547465	0
6.596874937	-0.470977197	0
6.231335661	-0.396745268	0
5.370250916	-0.199357071	0
6.738436063	-0.546856078	0
4.654322981	-0.039292334	0
5.37298625	-0.228804081	0
4.513285845	-0.017463872	0
5.804042765	-0.360305824	0
6.389058102	-0.525701952	0
5.058520657	-0.183398111	0
6.960913417	-0.706581996	0
5.476593658	-0.315159139	0
6.350597303	-0.567539138	0
6.25453778	-0.553633291	0
4.814478398	-0.157369026	0
5.032410804	-0.227881138	0
4.803660373	-0.169982294	0
6.736852814	-0.746684042	0
4.625419606	-0.132669093	0
4.523197191	-0.109173452	0
6.698670659	-0.77861088	0
4.430120702	-0.094413915	0
4.563833395	-0.142705724	0
6.431403402	-0.737867904	0
5.721283256	-0.525420207	0
6.402730037	-0.755873159	0
4.708938113	-0.218495569	0
6.875036013	-0.938286197	0
6.721997748	-0.902702383	0
6.287741503	-0.771666673	0
6.140845115	-0.735102382	0
7.227106114	-1.120194212	0
4.46601173	-0.180757981	0
6.602917773	-0.935155814	0
6.284838035	-0.83726835	0
6.933799997	-1.082262449	0
6.412684339	-0.910182143	0
4.587562475	-0.259810603	0
5.557784652	-0.623844905	0
6.931507391	-1.144573783	0
4.788933589	-0.357643661	0
4.625515509	-0.30404394	0
5.792101653	-0.75719069	0
5.60172227	-0.69567849	0
6.691454077	-1.130915815	0
4.461476214	-0.270331192	0
4.59138695	-0.328951749	0
7.108795342	-1.343554744	0
4.455998483	-0.289559257	0
4.98395563	-0.51177045	0
6.89768297	-1.30741899	0
6.562676088	-1.184686849	0
4.618884998	-0.386466237	0
5.172572514	-0.627998049	0
6.365601478	-1.14587414	0
6.891134672	-1.385966951	0
7.046757301	-1.469764839	0
4.875153755	-0.537857064	0
6.098790327	-1.08603912	0
4.599951267	-0.433376414	0
4.872749705	-0.563576901	0
5.242660594	-0.739760756	0
6.368340166	-1.263271477	0
4.809322711	-0.561421987	0
6.079416706	-1.158842744	0
4.808016913	-0.578455855	0
5.994660647	-1.146342122	0
6.354836538	-1.330856655	0
4.969380083	-0.682364935	0
4.540834517	-0.485074023	0
6.550135592	-1.470655359	0
5.741885341	-1.090016686	0
4.503010376	-0.490223716	0
5.564886365	-1.027193515	0
6.370621511	-1.443899185	0
4.432466418	-0.478143064	0
5.75610179	-1.161001886	0
5.401104665	-0.991426621	0
4.678013396	-0.628366709	0
6.917748618	-1.806359975	0
6.555968658	-1.633744775	0
6.497835571	-1.619240597	0
6.506418362	-1.639956838	0
6.374400227	-1.585128132	0
5.486727188	-1.119532943	0
5.554564599	-1.168768779	0
4.706130041	-0.71427617	0
4.596061473	-0.662296728	0
6.466907283	-1.716047365	0
5.498564327	-1.187492785	0
6.645438628	-1.850111184	0
4.563194406	-0.678244585	0
5.90456271	-1.458494028	0
4.63115409	-0.734894398	0
6.796113788	-2.007456741	0
4.86715354	-0.891603981	0
6.420070791	-1.821152961	0
6.238869906	-1.729770051	0
6.523610656	-1.916768199	0
6.372775622	-1.84277377	0
4.700933698	-0.840891942	0
6.612652575	-2.023351032	0
4.719862243	-0.871641785	0
5.453879682	-1.338048254	0
4.446665076	-0.719818848	0
4.420968142	-0.71214621	0
4.684249257	-0.887901703	0
5.588225503	-1.475960597	0
6.17481524	-1.86760263	0
5.488754641	-1.438916178	0
5.041008856	-1.159823915	0
4.839485972	-1.038704129	0
5.530343865	-1.506768848	0
4.410328417	-0.773726922	0
5.597756035	-1.579555934	0
4.551942668	-0.886871182	0
4.608866971	-0.93502727	0
4.53515723	-0.894253415	0
4.149282362	-0.637534061	0
4.512469513	-0.897389144	0
6.312160141	-2.164839233	0
5.438235272	-1.56771928	0
6.15004245	-2.085839176	0
4.209648109	-0.71927736	0
6.177865831	-2.140447798	0
4.886984312	-1.225087283	0
5.945204273	-2.006399592	0
4.969448759	-1.308436802	0
4.134881123	-0.705179608	0
6.353233022	-2.359220029	0
6.431109699	-2.436220996	0
5.638554078	-1.859658546	0
5.051549412	-1.430920218	0
6.026975804	-2.186572635	0
4.584074958	-1.097865762	0
5.944148022	-2.157876712	0
4.363648185	-0.947565979	0
4.722512279	-1.237542724	0
5.431482202	-1.80669975	0
5.17138298	-1.61567117	0
6.236258731	-2.478194169	0
5.312758662	-1.756568695	0
4.765511381	-1.329272685	0
5.32637949	-1.796862514	0
4.050839204	-0.768410874	0
5.513044302	-1.9801835	0
5.625071248	-2.088927581	0
5.02353325	-1.604007979	0
4.739819857	-1.379432016	0
5.132694763	-1.723238952	0
6.102193804	-2.561412503	0
4.254441979	-1.000583222	0
5.176968977	-1.804241448	0
4.250489509	-1.016369756	0
6.054385668	-2.598622039	0
6.066679453	-2.629134306	0
4.294212027	-1.084118555	0
4.503800154	-1.280409712	0
5.652401133	-2.318750303	0
4.439010793	-1.244789349	0
5.281216644	-2.018508447	0
4.243464407	-1.088787371	0
4.762726098	-1.575043358	0
4.287100223	-1.149244711	0
4.35517726	-1.222904555	0
4.115454521	-1.009763368	0
4.590139517	-1.465742369	0
5.325515638	-2.174146249	0
5.699217944	-2.546957783	0
4.444321754	-1.363481459	0
5.96765516	-2.844463371	0
4.301605624	-1.248570909	0
4.340240903	-1.297341756	0
4.875405271	-1.834671382	0
4.703599888	-1.679478292	0
5.242078028	-2.229173767	0
4.063958494	-1.066419549	0
5.104561431	-2.125119001	0
3.933531902	-0.953963174	0
4.379515417	-1.418332278	0
4.786286286	-1.848230918	0
5.544556158	-2.64678367	0
4.631969276	-1.717466748	0
4.317088011	-1.401893042	0
5.121150023	-2.260811416	0
4.765499845	-1.901289548	0
5.418434345	-2.612913506	0
4.896685428	-2.072562328	0
5.565543148	-2.811320884	0
3.908185036	-1.030713296	0
5.427298073	-2.702158402	0
4.512418941	-1.715325496	0
4.80809628	-2.056925157	0
5.264841546	-2.582343665	0
5.442633657	-2.801380705	0
5.651654468	-3.058349492	0
3.833776006	-1.015463924	0
5.323387426	-2.728405621	0
4.958802724	-2.329427375	0
4.448013872	-1.755935101	0
4.41820775	-1.735591482	0
5.118083525	-2.570755392	0
4.083592475	-1.369273553	0
4.448397678	-1.814609037	0
5.656655857	-3.273991387	0
4.467233412	-1.867043943	0
5.438069649	-3.057890091	0
4.899653733	-2.424572561	0
4.971979542	-2.532114275	0
4.344389548	-1.776899294	0
4.015895716	-1.383452621	0
4.932573742	-2.541931577	0
5.236432685	-2.944056107	0
4.62448261	-2.191192374	0
4.486288598	-2.032469609	0
4.110255926	-1.566386082	0
4.133379976	-1.609710784	0
4.164998787	-1.664578507	0
5.091913571	-2.891629302	0
5.292263659	-3.177710804	0
4.034726047	-1.534652653	0
5.295273982	-3.230157467	0
4.270419902	-1.878086632	0
3.887854099	-1.376502619	0
4.174507814	-1.779040366	0
4.202553007	-1.832548028	0
4.943135828	-2.869368043	0
3.849546359	-1.37355068	0
4.238731621	-1.929925939	0
5.155150205	-3.235412914	0
4.558520249	-2.415412637	0
4.287674797	-2.048796997	0
4.074186875	-1.759495473	0
4.666468571	-2.630565568	0
4.751673142	-2.775653025	0
3.678116905	-1.225480783	0
3.863939781	-1.511191108	0
5.292720265	-3.646000486	0
3.825919655	-1.481848289	0
4.433902182	-2.410359642	0
4.569051848	-2.635092209	0
3.795289241	-1.476152621	0
3.630102775	-1.236019491	0
5.132441369	-3.571801605	0
4.603784105	-2.776640528	0
4.627042278	-2.835893112	0
4.691645015	-2.961173817	0
4.097002818	-2.039715464	0
4.745993551	-3.096857504	0
4.579742185	-2.854045243	0
5.027660295	-3.605181177	0
3.569683212	-1.249575586	0
4.166160942	-2.244531829	0
4.979413553	-3.613240997	0
4.945926499	-3.586699548	0
4.65540356	-3.127124624	0
3.807182239	-1.715568798	0
4.986345347	-3.744598504	0
4.584708801	-3.084740091	0
3.964489886	-2.036570889	0
4.670695903	-3.287210298	0
3.95214805	-2.052130052	0
4.648909877	-3.304463779	0
4.78844732	-3.581423013	0
3.474133596	-1.250237403	0
3.635169906	-1.554752854	0
3.769684893	-1.815409019	0
3.944786311	-2.154492015	0
3.535658269	-1.417138749	0
4.56317308	-3.348092101	0
3.553946186	-1.480681594	0
3.677378459	-1.729526824	0
4.488746753	-3.294815708	0
3.67663519	-1.762466136	0
3.613819624	-1.658235773	0
4.447960718	-3.303846347	0
3.649420682	-1.762016551	0
4.667206616	-3.798397891	0
3.674302126	-1.847423637	0
3.769434351	-2.057662815	0
4.68059106	-3.928381884	0
4.003692885	-2.578112226	0
3.724827254	-2.027386062	0
3.419680291	-1.413032476	0
4.335572025	-3.34913553	0
3.670142949	-1.973744902	0
4.502380283	-3.76780931	0
3.926537653	-2.565509774	0
4.245945742	-3.282945916	0
3.405853983	-1.479049965	0
3.341291251	-1.35337673	0
3.813813837	-2.418702951	0
4.532035909	-4.052463824	0
4.445101899	-3.894781059	0
4.176669264	-3.320701731	0
4.424121738	-3.922324422	0
3.621896289	-2.100847938	0
3.751837753	-2.427364319	0
3.559856791	-2.000144437	0
4.176837831	-3.490444602	0
3.346959955	-1.533428823	0
3.830670749	-2.723269332	0
3.356770616	-1.593991461	0
3.95223857	-3.081439372	0
3.599925057	-2.237268768	0
3.342172478	-1.615027443	0
4.245829144	-3.924902707	0
3.379477912	-1.749784244	0
4.303457015	-4.156537738	0
4.124636699	-3.734313195	0
3.943290813	-3.297331366	0
4.189569694	-3.987741182	0
3.798298132	-2.98163195	0
3.492503848	-2.187371158	0
3.81250505	-3.088511692	0
3.65216709	-2.681107242	0
3.41497412	-2.051251627	0
4.002820766	-3.732199706	0
3.441891161	-2.179215762	0
4.019320769	-3.865546997	0
3.255423898	-1.692790186	0
3.292937965	-1.825404008	0
3.830968075	-3.443811322	0
3.188835779	-1.562484514	0
3.145927611	-1.454444686	0
3.421440955	-2.317801756	0
3.744669235	-3.347157581	0
3.866183593	-3.76853422	0
3.277578269	-1.956060089	0
3.920638671	-4.036763046	0
3.547241017	-2.881583236	0
3.655993789	-3.274716024	0
3.349403336	-2.305068596	0
3.537135164	-2.964272702	0
3.868086469	-4.122585849	0
3.688576895	-3.562955892	0
3.149871207	-1.74768438	0
3.694071778	-3.679099341	0
3.749791992	-3.926765223	0
3.435800984	-2.854920893	0
3.703799469	-3.86875651	0
3.18134845	-2.003422297	0
3.33948445	-2.623174982	0
3.434339619	-3.020192256	0
3.37519526	-2.839682641	0
3.643696279	-3.920911527	0
3.412757902	-3.074550866	0
3.612933704	-3.916370843	0
3.300235878	-2.718192227	0
3.225523801	-2.457416906	0
3.252439781	-2.609357598	0
3.18839226	-2.384337221	0
3.095195858	-2.029043222	0
3.243495283	-2.704336947	0
3.536763389	-4.032969259	0
3.334856966	-3.203737891	0
3.448257688	-3.769371139	0
2.957028084	-1.588702817	0
3.475612395	-4.026857377	0
3.042126664	-2.054455182	0
2.922348742	-1.521351844	0
3.433216308	-4.037581319	0
3.357456705	-3.736693684	0
3.386652795	-3.952930386	0
3.427212214	-4.234314307	0
3.178378806	-3.022472908	0
2.916542278	-1.700126139	0
2.878921862	-1.536436829	0
2.928233882	-1.842388955	0
3.183995981	-3.309049528	0
2.876274939	-1.633961222	0
2.961105593	-2.164021994	0
3.111636623	-3.101059863	0
3.072734482	-2.937466014	0
3.139080798	-3.411503239	0
3.284660479	-4.399292342	0
2.825115877	-1.571670899	0
2.830248234	-1.64846569	0
3.229383733	-4.346531424	0
2.936544725	-2.464014471	0
3.012962679	-3.060507525	0
3.156994877	-4.164118433	0
3.11033649	-3.933786682	0
2.885819799	-2.369554486	0
3.001974784	-3.324493646	0
3.09704982	-4.162447976	0
3.076990944	-4.121103904	0
2.769971363	-1.718928244	0
2.957206711	-3.359021086	0
3.047416816	-4.24818582	0
2.96018167	-3.604942676	0
2.863932071	-2.841243698	0
2.970245104	-3.947175483	0
2.749047046	-1.92827456	0
2.781103557	-2.328444118	0
2.901443014	-3.672583508	0
2.799249046	-2.716458753	0
2.788127846	-2.706202582	0
2.909233567	-4.220300032	0
2.855188726	-3.752280623	0
2.777228671	-2.94969945	0
2.708764898	-2.204247758	0
2.730336995	-2.611141912	0
2.827799074	-4.125036953	0
2.807779357	-4.045212204	0
2.647287501	-1.781525984	0
2.663615244	-2.164771107	0
2.746214095	-3.727332746	0
2.68233482	-2.809850906	0
2.738372675	-4.089846212	0
2.611166064	-1.778830398	0
2.699224912	-3.866064129	0
2.672292638	-3.555902828	0
2.658473055	-3.529371025	0
2.607557549	-2.472824575	0
2.6079261	-2.767344467	0
2.560473646	-1.523619849	0
2.554110944	-1.523850116	0
2.589123367	-3.278029942	0
2.543504807	-1.628036208	0
2.539639202	-1.791577317	0
2.533836098	-1.890861325	0
2.543288192	-3.432778413	0
2.533710813	-3.787813438	0
2.521753912	-4.111673059	0
2.505581448	-3.049704251	0
2.492253695	-4.426515135	0
2.481369879	-3.449451831	0
2.475807928	-2.577086709	0
2.448575798	-4.17194359	0
2.441164294	-3.657335519	0
2.437412036	-3.118265574	0
2.455099445	-1.696309192	0
2.383918047	-4.420831787	0
2.446055948	-1.517608044	0
2.351233866	-4.478137137	0
2.395373173	-2.667462579	0
2.337015581	-4.004789189	0
2.326508612	-3.911230499	0
2.30514199	-4.08710927	0
2.291737083	-4.064134278	0
2.267733502	-4.261308793	0
2.263872611	-4.046613409	0
2.244137214	-4.144574614	0
2.381335863	-1.537384555	0
2.337127918	-2.15266737	0
2.3325548	-2.093774578	0
2.170726746	-4.362628951	0
2.277012395	-2.646213635	0
2.148787971	-4.243790566	0
2.172917794	-3.736877609	0
2.246917867	-2.649231609	0
2.094710472	-4.352081947	0
2.19325359	-3.038163063	0
2.283869232	-1.905040112	0
2.204404682	-2.677186898	0
2.058078561	-4.093314736	0
2.210913459	-2.408768339	0
2.081038016	-3.584990138	0
2.099009044	-3.292229059	0
2.065150447	-3.492333848	0
2.15715705	-2.55825014	0
2.108505889	-2.895742935	0
2.068158048	-3.144931619	0
2.130634499	-2.535861044	0
2.063548994	-2.995523575	0
1.88509614	-4.301872741	0
2.146612394	-2.192423396	0
1.954242753	-3.559097441	0
1.986842449	-3.227830719	0
2.002014012	-3.035287269	0
2.093348884	-2.322592009	0
1.91132935	-3.496906215	0
1.916689269	-3.375921079	0
2.062250188	-2.347828858	0
1.873683192	-3.490953375	0
1.762737569	-4.103346643	0
1.736971415	-4.170127457	0
1.728674314	-4.129380481	0
2.155466109	-1.528471026	0
1.784322664	-3.634801646	0
1.730098389	-3.866329007	0
2.029590316	-2.119626186	0
2.058420047	-1.915390394	0
1.609263941	-4.287075903	0
1.680913049	-3.826318619	0
1.999168558	-2.100560587	0
1.683575369	-3.668636643	0
2.060812743	-1.70567768	0
2.053420352	-1.706550097	0
1.874809163	-2.53986786	0
1.511471156	-4.231077428	0
1.977021849	-1.964229003	0
1.561970132	-3.852473841	0
1.905566599	-2.216670513	0
2.062271935	-1.470797171	0
1.627839697	-3.369229451	0
1.984581528	-1.753528737	0
1.620857406	-3.288953554	0
1.47858383	-3.840093444	0
1.559591527	-3.440275511	0
1.816609095	-2.324022273	0
1.517472831	-3.505027069	0
1.539220999	-3.363825149	0
1.337423114	-4.113366139	0
1.336983462	-4.054616031	0
1.756223687	-2.375037139	0
1.739755107	-2.401040247	0
1.401709638	-3.637888568	0
1.281331666	-4.033871298	0
1.442032572	-3.38720228	0
1.726284955	-2.30792003	0
1.934693892	-1.526667319	0
1.819846948	-1.909103189	0
1.152327309	-4.216682998	0
1.585059727	-2.664468494	0
1.272224727	-3.696949142	0
1.554729825	-2.693944706	0
1.308181793	-3.480950049	0
1.780805579	-1.875066828	0
1.357255991	-3.23145095	0
1.846935548	-1.608771303	0
1.44914579	-2.855868488	0
1.134464552	-3.813182666	0
1.888620818	-1.410206633	0
1.305747708	-3.191323469	0
1.818406221	-1.584339897	0
0.997004542	-4.047756493	0
1.07468499	-3.767621144	0
1.072554759	-3.72968425	0
1.114030406	-3.564554091	0
1.167038899	-3.369223662	0
1.054212449	-3.654260003	0
0.941953424	-3.931874	0
1.308972168	-2.854137603	0
1.58878156	-2.040779544	0
1.814127301	-1.393678988	0
1.421128611	-2.449735388	0
1.235447177	-2.92398953	0
1.340031287	-2.610675454	0
1.154599694	-3.073577569	0
1.689903107	-1.63138358	0
1.31505515	-2.58833822	0
0.726455057	-4.079304572	0
1.509899725	-2.032766279	0
1.037373922	-3.207108519	0
1.58417279	-1.800003542	0
1.401637885	-2.233379237	0
1.675804433	-1.532590591	0
1.460763432	-2.039947634	0
1.236615133	-2.560283469	0
0.922353861	-3.287701076	0
0.668988359	-3.857338787	0
1.641843318	-1.524344867	0
1.292070242	-2.324687518	0
1.387579831	-2.078879823	0
0.624795655	-3.809894645	0
1.545305244	-1.675505918	0
0.788709446	-3.366505564	0
0.499739139	-3.981276718	0
1.602973297	-1.49278955	0
0.899961258	-3.024908368	0
0.954967166	-2.875485714	0
1.597321772	-1.455835644	0
0.589496517	-3.605511752	0
0.712447565	-3.309932105	0
0.610916603	-3.49362354	0
0.913919084	-2.825960696	0
0.458491249	-3.746554567	0
0.900047327	-2.801443588	0
0.784400089	-3.011893361	0
1.00837376	-2.529220261	0
1.327543621	-1.862271102	0
0.266658308	-3.964438036	0
1.250535993	-1.978164016	0
1.288550433	-1.884087059	0
0.31198902	-3.772600311	0
1.130645435	-2.153382959	0
0.361013829	-3.612900769	0
1.116136737	-2.140610746	0
0.9351311	-2.463292865	0
0.852065773	-2.596963617	0
0.789067414	-2.691116749	0
0.820774609	-2.608465564	0
1.449042997	-1.43091321	0
0.672338389	-2.83294048	0
0.639941896	-2.866861363	0
0.966796248	-2.254725393	0
0.722441685	-2.67025756	0
0.906904147	-2.320441906	0
1.498583593	-1.259975442	0
0.556578282	-2.890685325	0
0.397802283	-3.141113254	0
0.30147663	-3.280448791	0
0.788706835	-2.42145756	0
1.069711088	-1.924224712	0
1.127375954	-1.809859076	0
0.111010995	-3.491567323	0
0.458052524	-2.887503493	0
1.422480885	-1.274909873	0
0.856566522	-2.188002447	0
0.066964363	-3.451500967	0
0.83716502	-2.181689968	0
0.081322691	-3.373402764	0
0.083134303	-3.343544365	0
0.758106036	-2.250900688	0
0.632877721	-2.428254136	0
-0.07498497	-3.510535155	0
-0.064638125	-3.46692506	0
0.72211287	-2.231120373	0
0.281394741	-2.884805848	0
1.125510848	-1.582669043	0
1.392940524	-1.166031121	0
0.406312102	-2.629429271	0
0.042509496	-3.148327028	0
-0.04412104	-3.251421938	0
1.201819466	-1.401327071	0
0.585012697	-2.285854587	0
0.165957389	-2.872711485	0
0.657863154	-2.144095138	0
1.03462478	-1.589274833	0
0.168571479	-2.801923397	0
0.513410589	-2.294844422	0
-0.18635181	-3.254251585	0
0.826727011	-1.822974476	0
0.268100052	-2.578049232	0
0.576388994	-2.135404031	0
-0.073988775	-3.00325288	0
0.324612878	-2.441317561	0
1.272545255	-1.148757855	0
0.703814275	-1.896922676	0
-0.064280541	-2.899577544	0
0.060595654	-2.712957234	0
0.459551895	-2.170013252	0
1.189475316	-1.203745124	0
-0.193148645	-2.978532139	0
-0.1995326	-2.964217397	0
-0.102960058	-2.818710708	0
-0.190640869	-2.908374422	0
1.103827738	-1.25721319	0
-0.292760554	-2.992344907	0
0.222358219	-2.329898084	0
0.552353469	-1.904370062	0
0.040537685	-2.516760724	0
0.538842265	-1.890156555	0
1.072006676	-1.229245356	0
1.126084611	-1.153142977	0
-0.047075081	-2.54519715	0
-0.59688262	-3.178957627	0
-0.59205709	-3.149866133	0
0.412109797	-1.948890587	0
-0.329375032	-2.797519115	0
0.154643871	-2.216084978	0
-0.693660524	-3.175053076	0
-0.256840404	-2.652312351	0
-0.647758784	-3.07654873	0
-0.383568979	-2.755669781	0
0.03272981	-2.268063969	0
0.910727126	-1.271777909	0
0.08263579	-2.177972932	0
0.143196239	-2.094433671	0
0.75412287	-1.409807263	0
0.703691515	-1.452607941	0
-0.119036831	-2.329016241	0
-0.421505988	-2.635895999	0
0.900486605	-1.206102061	0
-0.297511641	-2.465189108	0
0.999392037	-1.080564088	0
-0.384129713	-2.51873448	0
0.591619635	-1.484911345	0
1.042650412	-1.006283231	0
-0.188168224	-2.261001443	0
0.010718758	-2.040691347	0
1.070428425	-0.949946403	0
-0.700151774	-2.725410286	0
0.298006967	-1.705458103	0
0.51637178	-1.474293235	0
-0.618933563	-2.584792313	0
0.022232253	-1.935278527	0
-0.588806237	-2.516800907	0
0.047066419	-1.880725417	0
0.957112484	-0.988074951	0
-0.119946698	-2.011015518	0
0.908670751	-1.015593225	0
0.267481165	-1.612917653	0
0.664136334	-1.226600048	0
0.741584846	-1.143370797	0
-0.000926313	-1.822612199	0
-0.440464415	-2.213639291	0
0.503180277	-1.331192696	0
0.590943134	-1.239688765	0
-0.514716976	-2.229952802	0
-0.287395388	-2.008195313	0
-0.728852996	-2.387110484	0
0.139862966	-1.597020947	0
0.990170601	-0.833035745	0
0.753322578	-1.032402425	0
0.782895613	-0.996927456	0
-0.737757251	-2.304722421	0
-0.819609725	-2.35740417	0
-0.128047567	-1.747782562	0
0.190631212	-1.462673545	0
-0.726986122	-2.225101803	0
0.7045192	-1.006587277	0
0.124542954	-1.480548732	0
-0.970920639	-2.375442337	0
-1.280577588	-2.611977526	0
-0.009383269	-1.552391388	0
-0.293000173	-1.76973675	0
0.86960038	-0.816455753	0
0.927369571	-0.761661244	0
-0.725456197	-2.071030416	0
0.520516116	-1.067703701	0
-0.627953988	-1.961297796	0
-0.819396758	-2.095078433	0
0.382885306	-1.144442996	0
0.16278686	-1.303646166	0
0.226060146	-1.243435678	0
-0.065459245	-1.45416498	0
0.691843356	-0.868347485	0
0.037430185	-1.35143342	0
-1.079448404	-2.173558451	0
0.54945086	-0.947368777	0
0.54406496	-0.941849803	0
-1.031990959	-2.086562045	0
-1.101980939	-2.12045523	0
-1.209869823	-2.181144245	0
-0.750184705	-1.833402969	0
-1.13268498	-2.090738134	0
-1.030202915	-2.000939953	0
0.258669276	-1.077287835	0
-0.32027616	-1.471476087	0
-0.475320601	-1.565959598	0
0.041228961	-1.195850189	0
-0.010730911	-1.220061278	0
-0.660802994	-1.650841449	0
-1.42588294	-2.153433743	0
0.476474586	-0.858413715	0
-0.749254418	-1.666466661	0
-1.359089048	-2.055584457	0
-0.522572925	-1.487977486	0
-1.074514509	-1.834924828	0
-0.386733674	-1.372731386	0
-0.569385371	-1.477537482	0
-0.007209863	-1.104205358	0
0.687784528	-0.651506373	0
-1.158730287	-1.808687975	0
-1.015687543	-1.702999367	0
-1.209552255	-1.808264648	0
-1.361735765	-1.886147228	0
-1.68908083	-2.070244202	0
0.116868841	-0.951893517	0
0.742817843	-0.562979286	0
0.535816208	-0.679780384	0
-0.205647426	-1.113581577	0
0.730251295	-0.547903894	0
-1.163170686	-1.653507502	0
-0.226249317	-1.091194406	0
-0.529671694	-1.255539226	0
-1.584667578	-1.849728214	0
-0.404331772	-1.158599487	0
-0.076314594	-0.960551291	0
0.571454937	-0.585321348	0
-1.661507102	-1.824757345	0
-1.306851467	-1.610954789	0
0.190928619	-0.77093612	0
-1.108949873	-1.471640369	0
0.178083234	-0.759043916	0
-1.098682433	-1.436742086	0
0.698465942	-0.462257253	0
-1.471437314	-1.605246961	0
-1.439740001	-1.572599754	0
-1.493492541	-1.584869954	0
-1.284950635	-1.460875127	0
-1.410350926	-1.510269239	0
-0.327944249	-0.942590261	0
-1.651293172	-1.601231144	0
-1.575804386	-1.546945898	0
-0.85695562	-1.172727874	0
-0.116955399	-0.793738331	0
-0.814981742	-1.125867582	0
-1.217037165	-1.30858123	0
-0.384696438	-0.892390955	0
0.189072293	-0.606496285	0
-0.784929406	-1.060178961	0
-1.81823377	-1.534329186	0
-0.841874573	-1.061541503	0
-1.943227129	-1.559166532	0
0.048592982	-0.626727458	0
-0.195106751	-0.728486808	0
0.569920845	-0.372450786	0
0.473184821	-0.408512939	0
0.252405602	-0.499000134	0
-1.115526768	-1.093415113	0
-0.240116507	-0.697332706	0
0.47287236	-0.378200547	0
-1.924994259	-1.400509448	0
-0.197881602	-0.648688913	0
-1.773054637	-1.303504776	0
-0.223434322	-0.639388205	0
-1.526574404	-1.169716413	0
0.465288994	-0.33625294	0
-0.448866743	-0.7011391	0
-1.467599863	-1.101563205	0
-0.398361999	-0.659367821	0
-0.567128949	-0.715701334	0
0.187346537	-0.408249147	0
-2.083922678	-1.283627317	0
-0.488485616	-0.652027053	0
-0.083724559	-0.486675019	0
-1.731160506	-1.100571226	0
-2.163740523	-1.247463323	0
-0.551857368	-0.632572773	0
-0.704780227	-0.67787102	0
-1.890026174	-1.097838855	0
-1.721083484	-1.021333192	0
-0.948855897	-0.730771614	0
-1.463903958	-0.900536366	0
-1.657681896	-0.954311706	0
-0.31105691	-0.473366231	0
-1.919480045	-1.01475677	0
-1.903528543	-0.993831356	0
-0.836495065	-0.620168727	0
0.036094356	-0.318599754	0
-1.134504317	-0.694837568	0
-0.52079698	-0.482566796	0
-1.656784258	-0.837626156	0
-0.759820056	-0.537687496	0
-0.711031697	-0.511046863	0
0.403351034	-0.152924939	0
-0.306508517	-0.364312638	0
0.532940756	-0.099023728	0
-0.617231089	-0.438580991	0
-1.29863615	-0.63073187	0
-0.010662639	-0.238756616	0
0.110884157	-0.194835633	0
-1.427194476	-0.628778467	0
-2.257233763	-0.851171879	0
-1.297181226	-0.565600292	0
-1.276339416	-0.54695189	0
-1.858545818	-0.693615544	0
-1.619634919	-0.614273437	0
-0.403942925	-0.275662727	0
-1.727771413	-0.615034354	0
-0.573718597	-0.300334075	0
-2.121597336	-0.687863937	0
-1.9116163	-0.619115681	0
-0.609925032	-0.278508489	0
-0.625226762	-0.271903264	0
0.132169699	-0.076938711	0
0.399724214	-0.004755547	0
-0.980548922	-0.324905248	0
0.295983048	-0.015046662	0
-1.892607496	-0.511931105	0
0.10464076	-0.043895412	0
-0.511233075	-0.17378636	0
-0.245430635	-0.105251458	0
-0.407381399	-0.131374057	0
-1.19291196	-0.289809141	0
-0.45141305	-0.121524083	0
-0.04648326	-0.027894199	0
-0.924832152	-0.198752998	0
-0.44435635	-0.091085192	0
-1.992760141	-0.387241501	0
-1.28464707	-0.235043316	0
-2.331918529	-0.422682673	0
-0.571293411	-0.076476545	0
-1.872388611	-0.306463813	0
0.14346951	0.073008853	0
0.073623169	0.068229428	0
-1.709239967	-0.235380207	0
-1.28696318	-0.149340049	0
-1.803103924	-0.223918739	0
-1.864822245	-0.22019444	0
-0.016050392	0.092975936	0
0.021033362	0.106970684	0
-0.195444821	0.081334249	0
-0.764550806	0.003447484	0
-2.084505654	-0.182579834	0
-1.724035388	-0.115338345	0
-0.625105405	0.054780427	0
-1.623956168	-0.074295209	0
-0.495634112	0.092432026	0
0.163191645	0.1895494	0
-0.345740421	0.131039836	0
-0.381687248	0.135589964	0
-1.942583466	-0.047607991	0
-0.971676287	0.083148471	0
-1.089224478	0.080479826	0
-1.024706313	0.099252532	0
-0.024072243	0.221058627	0
-1.498568153	0.070832129	0
-1.119904979	0.122985135	0
0.016026726	0.249186593	0
0.328449004	0.287629118	0
0.088886788	0.271853193	0
-2.382348739	0.053504049	0
-1.144028992	0.178301767	0
-1.284057638	0.17792923	0
-0.988868563	0.214101657	0
-0.485584922	0.264793193	0
-2.403520911	0.129208836	0
-1.510190569	0.209440224	0
0.174093589	0.338826741	0
-1.637684135	0.226351541	0
-2.178510348	0.205357659	0
-2.448373317	0.203982291	0
-1.991543463	0.24548306	0
-1.792421899	0.27030596	0
0.051881529	0.37671691	0
0.341697128	0.398114984	0
-1.106128529	0.341132761	0
-1.768075909	0.325417016	0
0.151069504	0.411316664	0
-0.544720318	0.394634665	0
-1.721354042	0.367205723	0
-1.198067173	0.395306993	0
-0.152541645	0.433253543	0
-1.227094704	0.417941606	0
-0.594888336	0.441597403	0
-2.132123727	0.427159934	0
0.126997355	0.470148545	0
0.261470555	0.478880612	0
-2.349706989	0.469497488	0
-1.288094921	0.488087397	0
-0.734046451	0.5	0
